 x1        x2        x3        x4      x5        x6     x7      x8      x9   x10  x11  x12  x13  x14  resf
  0.27860969892538584       0.76968349365024236       0.63194569042222470       0.80456361290579193       0.86580645697151926       0.88364481772050918       0.53163700000000003       0.36363636363636365       0.44666767162643872       0.70441109410116931       0.30372961247288438       0.46761999999999998       0.74934269355506022       0.97880539692955537       0.81971029971759879     
  0.29745654357819112       0.66395361128308894       0.61265612355868337       0.52788059731174908       0.80464837163716696       0.67907313913636547       0.35011999999999999       0.36363636363636365       0.21939010764892616       0.87150255691997014       0.62217825372117308       0.55528599999999995       0.70136933281727543       0.98746479978905033       0.85999280806728151     
  0.31111601570824071       0.61452969512103039       0.76738520425288315       0.63762805485881335       0.54417884166549002       0.75556232332894380       0.27315499999999998        1.0000000000000000       0.65596347562381407       0.61110794436663307       0.62490180020796482       0.64691500000000002       0.87611274974308317       0.96912848404089369       0.94990172224198988     
  0.31620026484824504       0.56615148815366267       0.66032591117083672       0.52589685011770726       0.69360739885545319       0.86712620801180451       0.34878999999999999        1.0000000000000000       0.43559907425470412       0.71555486791961176       0.24848350347684570       0.52433099999999999       0.66027600197525593       0.99486716009025744       0.78079147434336083     
  0.32737792626868395       0.66981637799556037       0.60642887918145061       0.71539939692096577       0.65450135800725928       0.53028125817673322       0.43487700000000001       0.63636363636363635       0.56475118378349620       0.70611502882642263       0.65027641808834957       0.38268500000000000       0.83249029054946810       0.98503223624751157       0.76421698563520502     
  0.33098077567049222       0.68805777448922589       0.77899629319067554       0.76293226671704750       0.71329642765185175       0.78720118731528632       0.63400199999999995        1.0000000000000000       0.54196889353929101       0.71486067229080485       0.20693847952338978       0.67822899999999997       0.80772618682183994       0.98127117296462774       0.68712365360532435     
  0.33965836098511371       0.54373858025157418       0.44029620299205541       0.84389053096311173       0.77281410666378725       0.62925994397999407       0.57586999999999999       0.27272727272727271       0.48710806568889992       0.48200180775870488       0.55066275742932225       0.21193699999999999       0.70931706861345045       0.97932773887331148       0.52456219426555539     
  0.34532520015830009       0.38137807106292376       0.55201799578422139       0.81570541105578598       0.59548410674684582       0.52810651522105601       0.52391200000000004        1.0000000000000000       0.46427589692659660       0.66676574052962445       0.77556580792641627       0.55471300000000001       0.79991858742509370       0.97895535637005560       0.44550809410703734     
  0.34960995768516545       0.63580629086571128       0.71272288762521319       0.62391086561480014       0.74526150983828499       0.63540241323547708       0.49030099999999999       0.63636363636363635        7.2600732438327986E-002  0.75678316667209533       0.63773185049042591       0.63197499999999995       0.83746846931012853       0.98101453096914060       0.48478007303147103     
  0.35857370087369478       0.57900955861256664       0.72541050136518470       0.61814109464065092       0.58922356869357206       0.80375411249469186       0.78902700000000003       0.63636363636363635       0.24114933406636282       0.63797799745936612       0.89508302961726560       0.48501800000000000       0.89160783162277946       0.96402080511110089       0.55144957914100412     
  0.36311759870924532       0.72007837156275012       0.57543546160577952       0.66171641364360667       0.83804413731239158       0.66286765809780768       0.52166699999999999       0.81818181818181823       0.63577486832071217       0.58808955734340906       0.78331239099041650       0.27821000000000001       0.86061099470150948       0.97237626333280336       0.56481776585924792     
  0.36548372857621236       0.41456895640487446       0.42493558549157023       0.44713612035727335       0.68682151548626624       0.55517284273648726       0.53579800000000000        1.0000000000000000       0.54807180733147709       0.59037164913195006       0.43034743451089730       0.64110599999999995       0.87193535040773018       0.97178347064518800       0.41819093730052148     
  0.37021218301927000       0.75919242559231681       0.53932916149458754       0.58355229958062882       0.61087277922207361       0.60653881294207979       0.66451400000000005        1.0000000000000000       0.41950604749321652       0.54477256441158273       0.76730035487373127       0.54812799999999995       0.69023849880550414       0.98066932232423043        1.0000000000000000     
  0.37257564918262354       0.67350844872627336       0.78536512132873904       0.57494114634734461       0.60749229631967572       0.86176441571476980       0.60254900000000000       0.27272727272727271       0.94921147604944400       0.68845070193153313       0.61814398746376764       0.24653900000000001       0.79336554246132907       0.98157511760242033       0.79460979728370362     
  0.37778623397972538       0.56575510019177622       0.80023629841462796       0.38304219315930382       0.58777004410408895       0.66538984519433286       0.42384500000000003       0.27272727272727271       0.60571807331477112       0.64264600501612323       0.68280789932671937       0.33123300000000000       0.87225566217785311       0.97735109228846162       0.65727741745805568     
  0.41952951383603759       0.71796052730924298       0.39259590163834385       0.56189763566170903       0.73083216359211611       0.64797903324740169       0.72944399999999998       0.81818181818181823       0.59971935020483447       0.51831984300185663       0.38498069345202746       0.33620699999999998       0.85184245999439467       0.99081322300075880       0.61123023631970530     
  0.42778318974702423       0.37111955060930490       0.69306593531330896       0.79367537642721664       0.41286535378788503       0.70820697376153319       0.66946700000000003       0.36363636363636365       0.73272208133080319       0.65199219895117422       0.64125558202000876       0.63780300000000001       0.92325196524617292       0.97814617925487268       0.37106905463811735     
  0.42798106487259885       0.77214487413738431       0.52406008521877734       0.59454991560373782       0.84220121763831313       0.57795402584812838       0.58946100000000001       0.27272727272727271       0.27520860304680156       0.53481156965571153       0.51369587550454376       0.54544099999999995       0.84823227941863411       0.98953605165851122       0.47144415349355362     
  0.42924442144357516       0.60510321187502836       0.48668319290909462       0.65792044626854174       0.63128857031321373       0.88186041324405584       0.31403599999999998       0.36363636363636365       0.73394355081845108       0.13428145663007718       0.55318209002498486       0.36530099999999999       0.82270743523696399       0.98055861401245170       0.63148082888305423     
  0.43279095254041217       0.37575691225103064       0.60148077085034468       0.70661423077592356       0.70280613304318218       0.58539190412257491       0.36749199999999999       0.63636363636363635       0.74542447727313033       0.67090648513077744       0.60036070841382061       0.68864999999999998       0.79214435383773540       0.98791065235375941       0.33308975536690277     
  0.43554598313495080       0.66905002793591339       0.48391376572525674       0.66362806977420585       0.72994551359253135       0.63886827577628036       0.49062099999999997       0.36363636363636365       0.60930600138329749       0.25916501091169669       0.57253760765510364       0.44865400000000000       0.96878962189864803       0.99809682347660345       0.42491148972706910     
  0.43651252701756521       0.53589009860622439       0.49327660218502795       0.69971088997660769       0.82822454047858329       0.72814426223882711       0.53989399999999999        1.0000000000000000       0.32559588202954581       0.78061585941825995       0.14061272502599559       0.49516800000000000       0.79829033592696885       0.97921300480474083       0.30976042873586218     
  0.43724314286584071       0.62332950787490748       0.72893544879000804       0.63563187817107447       0.40045225379369914       0.54553019546949999       0.47995300000000002       0.36363636363636365       0.44067005692801531       0.78821536757760335       0.77872799751609223       0.43634099999999998       0.82328132715843416       0.98597124401923508       0.94751167382336510     
  0.44013516393193092       0.61967141325521347       0.54786324473363335       0.81632937163937569       0.68367359651818560       0.50972200179298333       0.81091500000000005       0.63636363636363635       0.90497366414244418       0.61725595257483468       0.32324975150503554       0.43570599999999998       0.68784950685333723       0.98220112278356930       0.50549278233375239     
  0.44493363572711492       0.54780438820349431       0.65572565949349626       0.56517156430149984       0.69638986021246374       0.73209054136944463       0.58488499999999999       0.36363636363636365       0.83648824197066707       0.80974153936353865       0.87625159151387089       0.54031799999999996       0.77526792744938411       0.98303848019629592       0.34548710620810974     
  0.44600292246339313       0.93575117406339181       0.53879944294113413       0.56433630232506116       0.73675839098980866       0.62749269723889145       0.51886200000000005       0.36363636363636365       0.55454271374607622       0.55084728510471970       0.47397418986473955       0.52558600000000000       0.76539832103247174       0.98232994700091181       0.64069382045200496     
  0.44723964199823435       0.61308759796445345       0.65396318578108459       0.69804782371994867       0.87082111680523600       0.42601884777228255       0.72613200000000000       0.36363636363636365       0.45346999308351216       0.56406143122373864       0.31444771603433297       0.37834800000000002       0.73859890293218733       0.97212565997250422       0.36965654394071901     
  0.45116289689183836       0.91353079745707677       0.65868427187499612       0.69717278736367960       0.94122154206500153       0.72916085805834496       0.35793399999999997        1.0000000000000000       0.47423608278503909       0.64874922640956323       0.60119840213049269       0.82627399999999995       0.89256209377127071       0.99513688579531845       0.37711730082630113     
  0.45432509361015555       0.91065037826736939       0.56414049503053210       0.84055942665231476       0.86010241118964748       0.50554838266897151       0.55907600000000002        1.0000000000000000       0.65791982194477461       0.87276880231914278       0.50042718211919834       0.72482700000000000       0.67362899889225514       0.98745574183626850       0.50739204357575318     
  0.45661587871776921       0.64062334838349222       0.71989605799075551       0.63205715578381638       0.59315016154887579       0.38531426537011382       0.45515099999999997       0.27272727272727271       0.31954617198999768       0.53693894335689385       0.67166678127650348       0.37869199999999997       0.88055040239166116       0.96528589918297270       0.57525993775461670     
  0.45792109348838622       0.97109387976986838       0.69665801296956065       0.55640628534637271       0.59936501740076575       0.57421363954171689       0.79627000000000003        1.0000000000000000       0.71541423555074757       0.40554664343181002       0.32748406402313868       0.90868000000000004       0.79859730137333673       0.99035126740888202       0.79726892862792109     
  0.46034886906755151       0.74787838062304635       0.48140675671882072       0.58043498256142034       0.50221973969451061       0.63217675898958092       0.68447899999999995       0.36363636363636365       0.88566956922694950       0.42965620012377442       0.57380456730618956       0.62474700000000005       0.78315560478866086       0.97449582428376769       0.80393571104587347     
  0.46486955462875584       0.64490811349531130       0.72333800803853998       0.41706420330674249       0.67513517778682186       0.67042564051970788       0.49166799999999999        1.0000000000000000       0.66328564208062146       0.50989992182665067       0.51241745486977197       0.60748000000000002       0.80612462797122530       0.97522146694551737       0.47283340180513522     
  0.46586654083838164       0.64239388127991781       0.65526795337012067       0.50849804484064143       0.70578793491532177       0.49216534909557291       0.62595800000000001       0.27272727272727271       0.67584616134924724       0.58479772645842154       0.34619672465924411       0.56872599999999995       0.77358629065623863       0.97615242320365703       0.50340765488783479     
  0.46808502541934299       0.78177143892605283       0.72717785727624573       0.68670963956954179       0.64530262381953030       0.77761859212202578       0.44432899999999997       0.27272727272727271       0.33660573359107593       0.66227280870329952       0.81574697482126068       0.68764800000000004       0.86699053745645771       0.98916668847284939       0.56205419959939529     
  0.46959953118816400       0.76706355797834591       0.82014834560596006       0.67800899398163916       0.80798732526557959       0.78992497780217985       0.59654900000000000       0.63636363636363635       0.83441440402929745       0.48704643171232209       0.74158503320559543       0.54686199999999996       0.84152575173168553       0.98532712293252234       0.35891550602067546     
  0.47107598404822065       0.82219168566812129       0.52972221510234918       0.84296329073331522       0.60873609807553342       0.66081301928958391       0.27887899999999999       0.63636363636363635       0.36045209888804158       0.74501644897560337       0.73200781847468888       0.37282500000000002       0.69992792985172236       0.98480981318475602       0.70039679834013691     
  0.47323738926603548       0.71169382238799206        1.0000000000000000       0.73162237209429515       0.67230703422842764       0.70117659170166136       0.84792900000000004       0.36363636363636365       0.37566393849646190       0.43772800560242331       0.22324537549308279       0.62804099999999996       0.84454202090034292       0.98069448330418019       0.47211167270035331     
  0.47384243051538860       0.73740618818235359       0.68701689118677700       0.41284314724724003       0.96406679568427789       0.55141100926088771       0.70966099999999999       0.63636363636363635       0.42368143366378780       0.72532857235920656       0.76452992254458840       0.39537000000000000       0.76592550082079891       0.97996783420323230       0.28846326169337905     
  0.47489269079728458       0.87522839496851546       0.58431373984960389       0.83118758840477391       0.75011420550345931       0.56679720843645853       0.40900900000000001        1.0000000000000000       0.45098493447071131       0.77681712322074203       0.53927158155323418       0.36323899999999998       0.69210031096934344       0.97643724549668787       0.55888593510353268     
  0.47811957746050104       0.55914485903689048       0.58712954792061056       0.78623508150019017       0.60457071189481459       0.66607186517451555       0.58023199999999997        1.0000000000000000       0.74809574902016429       0.28519022181687892       0.57817224399809120       0.23690400000000000       0.84207295100564539       0.97146040366263353       0.44405969361083175     
  0.47877028220037138       0.68193074913549678       0.54054238785894837       0.73310148184423851       0.82896376155552043       0.62514637692970909       0.45253100000000002       0.27272727272727271       0.53069191480305744       0.57001604182274190       0.39980287108060408       0.41004000000000002       0.80141337568566740       0.99121579867995435       0.39237680490173399     
  0.47959983561143416       0.56867704573939570       0.71890253056561493       0.42729367661937656       0.65120393365283191       0.65889564236416431       0.61360899999999996       0.63636363636363635       0.58736388706616771       0.51299835510243963       0.54747452014945119       0.47071700000000000       0.83042828352930176       0.97246080422543435       0.41047636423865919     
  0.48150248104965143       0.68898267973362737       0.68473324276854841       0.61545632400209804       0.97073224415890769       0.58028318842196014       0.66694799999999999       0.36363636363636365       0.49683105148349799       0.71174391713624963       0.30946427194622089       0.13446000000000000       0.74651994608085204       0.99420190378038698       0.29175373781127961     
  0.48400636244634537       0.61617564894372046       0.48023258794365448       0.65111654141880182       0.72649858385175703       0.48978900274952708       0.43051400000000001        1.0000000000000000       0.69948192845868729       0.88102382658545320       0.52561008899974782       0.31645200000000001       0.81428590494748221       0.97469509924496933       0.40275415780214074     
  0.48599652957472073       0.87748591878954441       0.71025493620797187       0.72093300751487188       0.69705017566882888       0.56950813062183925       0.58261200000000002       0.63636363636363635        1.0000000000000000       0.58617593889449848       0.28293938806682378       0.37011400000000000       0.92961816167736600       0.97860612196835350       0.42166702086387597     
  0.48862218027946053       0.68494707276927957       0.60824017488035564       0.94359744350173647       0.51560877762734947       0.67307651063136187       0.48808000000000001       0.36363636363636365       0.43870484331494847       0.63677282498941401       0.43491307364828119       0.56288800000000005       0.83692127003616856       0.97866852119862879       0.60162209470202654     
  0.48982845748729037       0.82883590293402587       0.85963434773215763       0.72242703265725172       0.62238884689817853       0.48825767486949395       0.60022500000000001       0.63636363636363635       0.20943435543653680       0.71266001107455790       0.35786608986661500       0.40574800000000000       0.70405194389205494       0.98268320715940594       0.59981370943220391     
  0.49230570184784922       0.60540522175075118       0.57154190818293116       0.60777489689734976       0.68291984019535368       0.67845117122990939       0.57241100000000000        1.0000000000000000       0.89819129409261000       0.72662331845868211       0.57032355398852652       0.39483499999999999       0.94283769535681394       0.97223536184508486       0.36240877114596798     
  0.49292215896983166       0.71073494103257173       0.54272839230419023       0.51995803802927898       0.75808159671752606        1.0000000000000000       0.19904900000000000       0.36363636363636365       0.68737696632202461       0.59352504804403772       0.44201159018022917       0.44223899999999999       0.69440255181710198       0.97604473420947224       0.36655687631337708     
  0.49495798958872417       0.61145674463554955       0.43743279348421765       0.65844994270003399       0.68855536267514972       0.61793583864865675       0.61444799999999999        1.0000000000000000       0.70861191409367408       0.75835681248167808       0.41121071747841687       0.68433299999999997       0.69627103714281902       0.97399361112397120       0.46691096398162407     
  0.49737434929526014       0.81835238512299358       0.86350104906243474       0.70677830009272402       0.68414495377791806       0.71164709969931073       0.32886900000000002       0.36363636363636365       0.63926525617606900       0.73181451744242865       0.19034610086915932       0.49901000000000001       0.78148064115739313       0.98309886654817524       0.50828690796807607     
  0.50115300313555966       0.82796762454132244       0.71349061336282171       0.50778459190243341       0.69183202239258446       0.63144755523718421       0.30615199999999998       0.27272727272727271       0.62023715572738392       0.42664937624181620       0.59915209558877158       0.40871700000000000       0.74036729082974095       0.98367454976942492       0.55883772840189028     
  0.50329918718986877       0.60630370113102694       0.70759779959306868       0.90486714114187272       0.52515635771655444       0.79614465686674019       0.37233400000000000        1.0000000000000000       0.69260423501871005       0.49293386208918277       0.67075823784250110       0.43942900000000001       0.81924406422250995       0.98994567241209253       0.47904246637802506     
  0.50520563791896245       0.66089953641484078       0.59004666161359109       0.64038988835828770       0.46407510153907489       0.53198416341027155       0.33565600000000001        1.0000000000000000       0.54122182417933207       0.62128065861046866       0.57276057588317297       0.29211700000000002       0.77884474221575672       0.97299824275716040       0.88612630016100724     
  0.50714253097506767       0.55808027422496720       0.67798238258617383       0.75818917192227087       0.63627831258253942       0.65218267840827693       0.43396299999999999        1.0000000000000000       0.62332297338038911       0.34945115794273801       0.62403284926305880       0.72036800000000001       0.77267206747901296       0.98991447279695499       0.41544336231367740     
  0.50844394045480834       0.76070247497093146       0.58282833091054220       0.37922136679684487       0.39224191632681876       0.72032891378666930       0.58712200000000003        1.0000000000000000       0.51619610903222379       0.58339101332204157       0.43693958394545401       0.62100900000000003       0.91073978672574651       0.98432470949132544       0.88567691433845075     
  0.50965782824439099       0.73537139664467022       0.57217415290802054       0.68032585160676062       0.74020532073058298       0.54991399685155562       0.63794899999999999       0.27272727272727271       0.64727352935960414       0.65567896811178794       0.41798207502151541       0.32606499999999999       0.95472926982262740       0.97797911034800655       0.36776664975507606     
  0.51024384303936199       0.68612868640804558       0.59260371315618277       0.80648769853008806       0.89109570836482632       0.50439452496664972       0.56108800000000003       0.36363636363636365       0.54361045099047656       0.35271041659880786       0.71078624431899884       0.52042600000000006       0.86757777570168304       0.98049520834297843       0.25336041982422070     
  0.51109622819568334       0.65237530767256080       0.75640269839119345       0.66867941601266812       0.79812827562148558       0.58301984721036670       0.57061899999999999       0.36363636363636365       0.73700941706421685       0.33424196280251456       0.23798420051303532       0.48905399999999999       0.74444459273693064       0.97623696409628813       0.31572232722496890     
  0.51267542390940357       0.57520045905501116       0.74587179590456754       0.55584198633252868       0.63269641270131316       0.81862129017590968       0.73416700000000001        1.0000000000000000       0.30063888839626152       0.54176574052962445       0.35035601982958559       0.25469999999999998       0.87940929171059834       0.98032411367932026       0.32973624568743443     
  0.51355444610186007       0.55000528517282510       0.54417474365405716       0.82734936075113918       0.61836258378531017       0.54616932111130656       0.35554400000000003        1.0000000000000000       0.50027488605529646       0.72201841959545299       0.67594693772934988       0.45180900000000002       0.73752452386990008       0.98275567078166115       0.46665062709207827     
  0.51422417729611247       0.77802274134364191       0.55915821130888088       0.52513119330597191       0.69879232871250951       0.52331521762442579       0.62023099999999998        1.0000000000000000       0.37108730735807899       0.54091886257776622       0.59862801606204763       0.25775700000000001       0.70746860277336610       0.98148856383139327       0.52437808761918636     
  0.51506134128892811       0.77077072920284495       0.69232140001928466       0.70856814718509253       0.64594425110260223       0.78107587579515381       0.25875199999999998       0.63636363636363635       0.62390045577881426       0.67470725709260282       0.40568339761903272       0.47164000000000000       0.81828980207401869       0.97676131891844020       0.47395053971710815     
  0.51700584492678614       0.82010404240218659       0.63650322286138339       0.71905863986536378       0.69914948046878234       0.90581690122720693       0.46158800000000000        1.0000000000000000       0.35198826857254328       0.53936150288264229       0.56112559362685954       0.51214000000000004       0.90524110133863633       0.97485814239504354       0.48369375325243213     
  0.51743964808669973       0.79634341542968456       0.73999851092941182       0.81191690137693928       0.53668073124745630       0.70589067948921425       0.70228299999999999       0.36363636363636365       0.59853334988561202       0.67595518061300930       0.46921996545034372       0.76678700000000000       0.88450091422317734       0.97565725511824652       0.60635680530487968     
  0.52156458339675482       0.70883227881551725       0.40178542004606355       0.58225217453992228       0.84722833625422567       0.48121442450810914       0.27276000000000000        1.0000000000000000       0.56521339138453897       0.51945579948535880       0.20786577729433264       0.64976999999999996       0.85944986453481387       0.97129635407336135       0.29836219607168946     
  0.52219245639136658       0.71714510064479109       0.59643623909591448       0.71236162866141817       0.82168990921700702       0.69949084420347363       0.41990699999999997       0.63636363636363635       0.61319652579495265       0.59637104654571504       0.71533000339661879       0.71589199999999997       0.72280352876800091        1.0000000000000000       0.29594715158554630     
  0.52752747420012791       0.80913353366655094       0.65030519844306678       0.53978308047599988       0.79001968487586893       0.80438465926882308       0.36788300000000002       0.63636363636363635       0.58429358717434865       0.58945759095794925       0.75801383236540110       0.67600800000000005       0.75079076968249092       0.98125104418066800       0.37534211426727143     
  0.52837224877469635       0.71676003805324429       0.71207477575451328       0.47049113901394340       0.87995548061828777       0.45893081572163297       0.40961999999999998       0.63636363636363635       0.55518005036621909       0.56096503371225692       0.42543796586293914       0.41673900000000003       0.90618869032524996       0.98528384604700880       0.22664433305122619     
  0.52917516514962404       0.66682648022590341       0.70952138586090852       0.79462498974566775       0.55695116987964821       0.67981092175643731       0.53003299999999998        1.0000000000000000       0.52320459503076944       0.45358457379238459       0.62645111682076471       0.52166800000000002       0.91287519852656585       0.97344308888267139       0.49424530235007796     
  0.53032436299430730        1.0000000000000000       0.63863796422080721       0.92558710713477799       0.64974417967225095       0.68256044884635680       0.50316200000000000        1.0000000000000000       0.29865815702200860       0.81832635744764015       0.54884358674610167       0.27621200000000001       0.87081425921230005       0.99235810716967154       0.55348085895078769     
  0.53280541264574255       0.67320643885055043       0.55656942547506838       0.55996857823993396       0.60450841798383681       0.53852983944649147       0.51999899999999999       0.81818181818181823       0.66679708975473073       0.56267303996612483       0.47578085765666644       0.70373100000000000       0.81571396158928022       0.98820151328197803       0.50801585847816544     
  0.53398885810831387       0.99268003563716523       0.67580736308789291       0.27601430883314398       0.81820767959334528       0.59020035945455562       0.50108600000000003       0.63636363636363635       0.62663158174756595       0.76353172535096570       0.46166092575574769       0.85011499999999995       0.94820959066825050       0.99156805239925039       0.30285007697676131     
  0.53536637340558313       0.75256330882019840       0.62188103790661087       0.46666036905652686       0.62942598237497616       0.76729821430869338       0.67198000000000002       0.36363636363636365       0.27608313973078902       0.41118367479886647       0.31502284903383909       0.52941899999999997       0.77739666608832603       0.98256142801644930       0.51010693736873014     
  0.53654981886815423       0.69048517886534888       0.51070361026384614       0.52334134621360329       0.78168060665963435       0.79659075798585344       0.20898000000000000        1.0000000000000000       0.35586770886906555       0.79577619621510698       0.83362715127873310       0.48581999999999997       0.78574479159715460       0.96167580177978718       0.31179659908059493     
  0.53989466954854026       0.73172085227186923       0.73625874676401770       0.51621178862900197       0.53439246825086995       0.58467985810552858       0.50763999999999998       0.36363636363636365       0.52241097238725231       0.77833987492264090       0.61494220538499522       0.66841899999999999       0.75995302094038197       0.98848935489260292       0.67170669500520352     
  0.54226536576455908       0.79044289748274765       0.68061999040647969       0.82417486806092444       0.74705557447444693       0.48675208359248662       0.52437100000000003       0.27272727272727271       0.44847216557007824       0.55786660043646785       0.62165834182488033       0.66985700000000004       0.94046204972840231       0.98121883812633237       0.29560903190204624     
  0.54290084934092364       0.50321263005300276       0.55698807400924932       0.68302305173901046       0.62442170485975557       0.58935963042238060       0.39476499999999998       0.81818181818181823       0.72825074928618294       0.70810600631901244       0.56223939285959879       0.63049699999999997       0.82040519438920545       0.98647748293582349       0.31183243712770964     
  0.54358580169868187       0.53292662670069313       0.46721786689417710       0.45214272041842646       0.69766688538750965       0.83795805791593569       0.54130199999999995       0.81818181818181823       0.43982544735488677       0.57133928862252037       0.47158196999722851       0.75183199999999994       0.81661483844275096       0.97119973591035458       0.30041764392190989     
  0.54682790952540405       0.58585763254458423       0.53036666532406196       0.82514436856929074       0.31621427444205419       0.33846678476907832       0.64911099999999999       0.36363636363636365       0.78261279195559263       0.60842887853815841       0.65521401824171832       0.82094699999999998       0.83076861478505737       0.98968198534221952       0.94942894465438521     
  0.54765746293646689       0.69946242242121315       0.53312144591195199       0.58794736855188945       0.88528576293429240       0.81261179336939326       0.53436499999999998       0.63636363636363635       0.54908489545462602       0.54190417250252432       0.63666181137721434       0.26688499999999998       0.75714361978992883       0.97571965434852181       0.26622796584357239     
  0.55007762793387927       0.68024704407834125       0.68467343583509388       0.77977423067648766       0.70929715856707387       0.80625914185586656       0.39283499999999999       0.36363636363636365       0.44589843403621399       0.40338466173740267       0.39721060495239524       0.60382999999999998       0.69140630213407717       0.97207433157340672       0.36990979084838077     
  0.55073594325550246       0.76268063965691668       0.67617963073490506       0.31546055002995510       0.89830103740126410       0.58247937854682563       0.24376200000000001       0.27272727272727271       0.80681052370227191       0.74133578710791181       0.39853695333712585       0.39045200000000002       0.75159154910779824       0.97465081592025782       0.26928920783917043     
  0.55314849767116192       0.51463237847877619       0.61402802137914780       0.55133256601925584       0.49927739063265697       0.51709124912602789       0.53807400000000005        1.0000000000000000       0.73139087910333944       0.51376380248200393       0.70312509767883824       0.71289899999999995       0.86281981128298213       0.98477257493443049       0.33546394189175049     
  0.55405796219062986       0.81695558944777491       0.36999010134223848       0.61454897096221683       0.58576625663430149       0.57553478516370626       0.56329399999999996       0.63636363636363635       0.66739230673736849       0.53282873522035112       0.73632027406337719       0.43786700000000001       0.83481255088285922       0.98701290858915347       0.54010705717389862     
  0.55541264574264060       0.57426045331682352       0.61900908455113668       0.69073182372989217       0.53500294857845299       0.61309306784597495       0.22128500000000001        1.0000000000000000       0.54298863213151971       0.31867243737988987       0.56817618240884871       0.65690899999999997       0.75451439401016995       0.98182068876672945       0.52084119581704513     
  0.55641343724314285       0.70691074098123008       0.30088624110982137       0.65713241636815167       0.76614865818915745       0.73987157435090134       0.89832199999999995        1.0000000000000000       0.50431947966729918       0.43254494967590634       0.63652323766537677       0.64415000000000000       0.84003096347111195       0.98274158063288919       0.36393883581307174     
  0.56126137781972052       0.84261887863733143       0.77533830585265773       0.67037728485167880       0.74981727119446495       0.70380601464412718       0.56918800000000003       0.63636363636363635       0.67415250855693687       0.68471100289892839       0.69315091614935942       0.63888999999999996       0.61758444886356056       0.98048313107260254       0.42634899649198565     
  0.56255898200858467       0.69269740120501944       0.33825458957186777       0.66584797734849066       0.72484156581974635       0.57128824566445469       0.50463599999999997        1.0000000000000000       0.75863895933459835       0.75527262955604058       0.42207260428974203       0.60159300000000004       0.92112989976910864       0.97649259965257718       0.32371033035460078     
  0.56339234071052391       0.71446098787430345       0.79759380839567295       0.74727856235504109       0.60164497454255506       0.74679043113099508       0.46328700000000000       0.63636363636363635       0.40513660063489809       0.39278036546040845       0.50941571905169736       0.50807400000000003       0.80723237284290050       0.97698474842039362       0.37236553804074146     
  0.56455675971871289       0.66222837986802163       0.67322468000239222       0.83441677086725541       0.56953038696977498       0.66800211040144808       0.27549499999999999       0.63636363636363635       0.48311445900650862       0.68724145793296643       0.59647647685193872       0.65316200000000002       0.70801580204732617       0.97665664924184936       0.51846964862851930     
  0.56691604006210239       0.46062168732917563       0.55816956608238955       0.86835426045755448       0.68588087743050075       0.63731550072705900       0.33940199999999998        1.0000000000000000       0.62824653732243252       0.69845851926647340       0.71320763759952821       0.59054200000000001       0.85036769121945366       0.98935690548126920       0.30478274393632532     
  0.56825930774148370       0.67078280959787384       0.61485189240122395       0.63238778031615661       0.79742435442743598       0.79998798958525463       0.63543600000000000       0.63636363636363635       0.55005032188270342       0.70672168659001333       0.40081768909060217       0.88438300000000003       0.74862199207228364       0.97887484123421653       0.25712815263871919     
  0.56932859447776196       0.86342735907464174       0.66107288756418559       0.57637053812250005       0.53615746239524231       0.55101638134782582       0.60794700000000002       0.27272727272727271       0.53253187791512224       0.52799786651900593       0.45367157821912979       0.34377500000000000       0.74754093984811887       0.99130637820777334       0.70411890945003763     
  0.57227008432524584       0.57818658170122161       0.46349030822540621       0.55900653542778589       0.59819596833808142       0.75763411987251805       0.44844499999999998       0.36363636363636365       0.45600603862592443       0.32275618058043709       0.55021369525035990       0.27426000000000000       0.84768508014467414       0.97632653718490903       0.31258705443312890     
  0.57458750646899448       0.88096658260725114       0.71563756021886893       0.54255982936791058       0.58034460991552950       0.27666033260269979       0.70838900000000005        1.0000000000000000       0.43419139163282316       0.42762247158073030       0.69052530897770104       0.67446200000000001       0.84901303935830885       0.97598334141839482       0.52560015208787414     
  0.57488812444823290       0.73858402669767298       0.73073698009161447       0.56941996524713556       0.82472362268162824       0.75109702270397327       0.26327899999999999       0.81818181818181823       0.72536444570557046       0.66001107455783203       0.33873041474174237       0.31039400000000000       0.95061192894417235       0.97116752985601873       0.23587862302925994     
  0.57647493074370604       0.85745511378222072       0.44920255387811348       0.82287722891895720       0.71961718315240408       0.68442635256572482       0.43847500000000000        1.0000000000000000       0.34758122439569406       0.57245895899156374       0.78185892987753425       0.49055100000000001       0.87428430338863161       0.99432569580173946       0.39617372308326543     
  0.57769642911504160       0.79353094846201466       0.75503812386870306       0.61979421730235229       0.42599483375831620       0.58665299767083745       0.54710700000000001        1.0000000000000000       0.28226918438647208       0.46435783850688905       0.43636028331551668       0.30667499999999998       0.78690592176385021       0.97952600739531515       0.84348161167915636     
  0.57962190629851751       0.70454373858025154       0.78342200626630187       0.59598179327763257       0.49743972025881039       0.59976579691246557       0.61130099999999998        1.0000000000000000       0.43239465656977671       0.48000065144457832       0.68938233633194335       0.33901100000000001       0.78416325223217265       0.99391003641297027       0.63621339179066527     
  0.58135711893817166       0.49560198118478477       0.78776838361387669       0.89240284486251742       0.98812678056762204       0.73895792494348678       0.44929599999999997       0.27272727272727271       0.76027608313973083       0.44498143382951699       0.67759315174967538       0.56674100000000005       0.76916198433141592       0.98549821759618039       0.17745782955109105     
  0.58200782367804194       0.63868671005541877       0.40965064207014990       0.70910510131280313       0.62583162371155421       0.64094865118752975       0.69936699999999996       0.36363636363636365       0.67834230407718088       0.36820258297775316       0.43188320632479593       0.77473800000000004       0.71730484338089073       0.97545697371784690       0.40758541118751007     
  0.58300100459679138       0.80938269181402234       0.70041608537988997       0.77151110326671957       0.67101132088008841       0.73527759071080212       0.44543899999999997        1.0000000000000000       0.64521520917942077       0.46506628448584730       0.73948767319109210       0.66560100000000000       0.72847571636392761       0.99027679090823095       0.42091574154262840     
  0.58691284361776608       0.63081935279283630       0.83648418228665100       0.68933972043582781       0.81793358638504277       0.69576332619857506       0.52849800000000002       0.63636363636363635       0.58016364587582236       0.63194602781668352       0.53154479473378213       0.47637800000000002       0.88933895658440887       0.97744771045146850       0.17921931226192442     
  0.58892203720052361       0.69750313335246061       0.81469981191329710       0.75630734657654453       0.59015174796714198       0.81674251815502874       0.40253600000000000       0.81818181818181823       0.68198343589834542       0.35478689619230641       0.48655209850611286       0.28809299999999999       0.68095613063381688       0.97375307215565188       0.49458740691390707     
  0.58941672501446007       0.64738081935279279       0.67715607046477311       0.47853053553716540       0.71256135950231314       0.44658153570310249       0.52176599999999995       0.36363636363636365       0.77068628407256989       0.69180156998143383       0.17533950559400194       0.39193899999999998       0.78065316908457560       0.98419890459157688       0.30253433990030393     
  0.58993804986453169       0.70769974178155626       0.76183902658723335       0.61732323395538813       0.75419860959990692       0.71685876181202846       0.38932800000000001        1.0000000000000000       0.33672987568056467       0.47465677013778046       0.43990589490486337       0.42064600000000002       0.85372429164386665       0.97490141928055696       0.35437623568486726     
  0.59210326037322292       0.67574332180662311       0.70546305823364486       0.95413516825805622       0.59358206599832219       0.94512098348139029       0.59110900000000000       0.36363636363636365       0.67635048858779512       0.47078678218950526       0.52228640373086277       0.51998200000000006       0.77812404073298014       0.96692438219729837       0.34018894905224406     
  0.59263600109592374       0.84618637029430865       0.69803357243901210       0.84985668793767355       0.54952158276369012       0.63077840355851433       0.53540699999999997       0.63636363636363635       0.47559832053487505       0.64199048890915611       0.78777279745941242       0.37635500000000000       0.79274493840671578       0.97282010301911637       0.50307929039838684     
  0.59302414076532006       0.61408045543089262       0.69017201206391277       0.85437853774464356       0.63528576293429229       0.72186024166670248       0.82834399999999997       0.63636363636363635       0.25094880025537802       0.55557229406208264       0.45447905661517557       0.38297799999999999       0.84673081799618299       0.97967697327501346       0.40080513730772011     
  0.59609120521172643       0.77684867795176893       0.69393496667289145       0.74328123718208461       0.63174954525444982       0.55632670043880905       0.71802800000000000        1.0000000000000000       0.55177833543192578       0.61938536204032446       0.46521799832878019       0.34549099999999999       0.74204892762288632       0.98515904758645823       0.42897498087710267     
  0.59971384212609213       0.72806275765217521       0.58759945954060955       0.59778655576243755       0.75100293196674328       0.68121785605517937        2.2506399999999999E-002  0.36363636363636365       0.40410799475056308       0.66758004625256506       0.38016499648877133       0.50341599999999997       0.85806852002615874       0.98238731403519719       0.33723110693842961     
  0.60046348442874975       0.78860818748773087       0.49646223680372215       0.59123869848285593       0.59408664667724276       0.37338663669782229       0.47961799999999999        1.0000000000000000       0.56378243212087886       0.38105639881437087       0.44582393011717292       0.66318500000000002       0.79518064249202558       0.97420496335554885       0.48183571223357485     
  0.60146808122012851       0.72561647765881943       0.61996355438708262       0.56131842125542863       0.64113723763881159       0.77734406835641767       0.73769200000000001        1.0000000000000000       0.70850328976537147       0.44981637405947683       0.53685018827270470       0.70238999999999996       0.84643719887357038       0.97908418058739821       0.39387819913114597     
  0.60210737008736948       0.60705117557344124       0.79278118107708617       0.63502780477740017       0.66812503633811471       0.31770292239127357       0.61684200000000000        1.0000000000000000       0.52905257417489848       0.80434472818474967       0.16798780551335832       0.41129199999999999       0.85342399935937652       0.97410532587494802       0.34460766382017693     
  0.60535328320496817       0.92891442550171399       0.41948461069958243       0.67424285739144696       0.63773806656312038       0.57252789204352916       0.21350500000000000       0.27272727272727271       0.49303030840441942       0.50795169538451523       0.76260864491580338       0.51898599999999995       0.76092062941262828       0.97760974716234472       0.52975757255994849     
  0.60563487472982436       0.59866285127523666       0.70123751530264133       0.74582928338997034       0.60103034128757360       0.55386885484984838       0.72147600000000001       0.36363636363636365       0.60418181495734835       0.68806187094882898       0.45736201496596091       0.67129399999999995       0.80275468122305715       0.98497084345643426       0.33658519406328391     
  0.60739291911473714       0.70758271295471364       0.90531708049402970       0.60109777288331945       0.74782594250687306       0.61088400941959675       0.47143099999999999       0.36363636363636365       0.33955410821643284       0.50001221458584411       0.63327144402142999       0.75593999999999995       0.92359229650192853       0.98008760046779297       0.25780001898769600     
  0.61161679198757957       0.57061368406746904       0.66608202337840816       0.70131926646099996       0.61763374502686941       0.62405686073495159       0.56807399999999997        1.0000000000000000       0.62965421994431348       0.42081691150125405       0.52714377699843085        8.2523500000000000E-002  0.83533973067118661       0.97427943985620002       0.29786253347978714     
  0.61500730615848276       0.71258475152137468       0.59951446534432318       0.67242566541294502       0.47790434977615714       0.58755806821057688       0.26684500000000000       0.63636363636363635       0.14488046890240658       0.37419994462721085       0.25165402832738404       0.57219200000000003       0.75601585543262106       0.97685592420305123       0.61686684954507276     
  0.61795640658771955       0.66263609320024763       0.51737269361884430       0.73232588143754551       0.76071039976079136       0.83312815541476681       0.64259900000000003        1.0000000000000000       0.71261882171422497       0.47576015439236502       0.36902387843855561       0.44970399999999999       0.75930572423825859       0.97797307171281866       0.26376127316823006     
  0.62073426892751682       0.76448137354091472       0.62639341000826310       0.66101041840161678       0.87108898062244067       0.56554898318970881       0.67823400000000000       0.27272727272727271       0.79380663982832922       0.57763590762515882       0.62526959359351852       0.39720800000000001       0.82607070882325462       0.97947769831381182       0.22256793244147743     
  0.62259125087521694       0.71218836355948845       0.84525505216018970       0.60413554114286705       0.59629392758955779       0.76059382922048124       0.33047500000000002        1.0000000000000000       0.97135753808501957       0.89832985896224882       0.55733409184207172       0.56952599999999998       0.82500300292284490       0.97945656309065399       0.40465026219089389     
  0.62672760205790123       0.64587832022107128       0.69582071590119898       0.88352321456537786       0.47689103549091749       0.48633600851023673       0.50965300000000002        1.0000000000000000       0.77369118768510481       0.51606014462069638       0.51962641360814688       0.77068199999999998       0.81469296782201339       0.97220114291235338       0.50362415809376160     
  0.62781591524856162       0.53427812089455329       0.63952896547431171       0.58528248510325176       0.55492869423656732       0.58639563164057973       0.34346700000000002        1.0000000000000000       0.92362601308812320       0.72139547571740337       0.32961684889630727       0.29918200000000000       0.82147957345149281       0.97804956109186580       0.32684022097041199     
  0.62871396389540013       0.81617036377089525       0.57698311857762019       0.52749528300714188       0.43150369195245730       0.70937798919920558       0.34770699999999999       0.63636363636363635       0.68875804706758659       0.52343775447053842       0.47970572361525271       0.35500300000000001       0.69961429124347696       0.98678947908719994       0.71322073838331690     
  0.63022085908246828       0.53807211995832271       0.79640621357422092       0.74503379579336215       0.75288420807827439       0.52891292878252993       0.38794200000000001       0.63636363636363635       0.69159668895312743       0.95781285625875379       0.90976975925682813       0.49687300000000001       0.76864147770496616       0.98228868299379424       0.17717224559831798     
  0.63194085055861671       0.62503963879618862       0.57400009520287365       0.72800041763098822       0.58816041927955010       0.85902775692636335       0.69462400000000002       0.36363636363636365       0.71091408480678164       0.62804550340379794       0.51150161808251493       0.26246500000000000       0.66831716203771674       0.97994669898007447       0.31375894563585610     
  0.63376739017930528       0.76690122767014479       0.62985732994996957       0.60559724960163475       0.72148392401804029       0.72283823258168156        1.0000000000000000       0.63636363636363635       0.60372071576781883       0.74717028761278137       0.53345148565605793       0.81518800000000002       0.72670732846637387       0.98314818206887677       0.31947623974996270     
  0.63474915522542541       0.77444392431632514       0.78231618827222649       0.64310946157919202       0.53125285513758647       0.73610974087530190       0.54997700000000005        1.0000000000000000       0.36553194885345913       0.59156257125175071       0.85870378358328703       0.40181899999999998       0.90103033619389539       0.98566327362465056       0.44526703472297929     
  0.63586030016134432       0.84875345423795356       0.43165227028339936       0.72949692867210747       0.67693547181408176       0.51199111229308836       0.50054500000000002       0.36363636363636365       0.76125259368294107       0.61539322823360798       0.49984683958165327       0.36864799999999998       0.68526032004484372       0.97408419065179019       0.47513335052697064     
  0.63722639958598437       0.77894387146459687       0.51353650603012557       0.35559289927884080       0.38879913951344297       0.56884755781084462       0.57871399999999995       0.63636363636363635       0.47715563871105038       0.69291106152894044       0.69491799145218991       0.19857400000000000       0.80485005405261123       0.98315824646085659       0.74710226100816068     
  0.63820435934122799       0.85115820787339735       0.69893799973880233       0.40638478232227687       0.83305439504306578       0.45426391170629388       0.61827600000000005       0.63636363636363635       0.28762946246475252       0.57928284094980620       0.52671867869444811       0.69314500000000001       0.89343627797723124       0.97560290740155520       0.20665790700267420     
  0.64037337514079573       0.69589115564078941       0.55360348979559448       0.61114080379049840       0.93021420799521581       0.80083729748510502       0.20388100000000001        1.0000000000000000       0.48947674109280509       0.39671956939513370       0.56661748862757844       0.57987500000000003       0.79128351595553004       0.98444246287749015       0.16041747728145977     
  0.64208195074431496       0.66577322078431966       0.42766351398688884       0.50996223919814854       0.68966627075425468       0.69036292899700169       0.25538499999999997       0.36363636363636365       0.71848342703105317       0.67523655581251429        4.0324741763199411E-002  0.86121099999999995       0.75394717525057731       0.97507955901860111       0.29838589834689311     
  0.64450592103260373       0.80532065898554883       0.64901263635065420       0.47352890727349112       0.55765093814629929       0.80942474402803577       0.58610200000000001       0.36363636363636365       0.47254353840424212       0.33722232174847727       0.36970736982927305       0.69070100000000001       0.88169818623460172       0.98040060305836751       0.47505150522514844     
  0.64502724588267524       0.46700542107726922       0.76919161775313882       0.53146029149648621       0.83149497080492030       0.59280404579399570       0.56488000000000005        1.0000000000000000       0.59178534059268983       0.39796342138692553       0.71841509182331742       0.40308600000000000       0.79403285864908502       0.98894929760608374       0.13536866702570266     
  0.64659883101464277       0.47948975431496610       0.51592023952066568       0.57387718168688118       0.85302374643886480       0.59427103216646437       0.65727400000000002       0.36363636363636365       0.85988680901626258       0.91787726784143830       0.70504741721523101       0.23227400000000001       0.76348312357361159       0.98800626407756831       0.15001683353180539     
  0.64843298121708415       0.64122736813493797       0.84305196001967520       0.42010942926250844       0.68019551982192250       0.61557665003796147       0.60156399999999999       0.27272727272727271       0.55881009807225068       0.59732785577017034       0.45142835113953433       0.59787299999999999       0.74284970704819353       0.96982997216189182       0.30408795158753366     
  0.64976863831471277       0.82421892695891152       0.38700822528417450       0.73968414170617169       0.45141490236467685       0.65094303202920245       0.44655899999999998       0.81818181818181823       0.54017991735683757       0.73385231751408753       0.46679753026220644       0.42920599999999998       0.82531664153109019       0.96909527154736008       0.67403784999766725     
  0.65171694724344731       0.72708500067952220       0.75788932787991736       0.63441875958624705       0.69490518866749174       0.63688655734329624       0.48789800000000000       0.81818181818181823       0.87416425771897777       0.59571349467444057       0.58260347705406867       0.22405000000000000       0.78234147903959850       0.97891308592374016       0.33112733118410276     
  0.65307163079545805       0.51579889162375603       0.71719986378665768       0.73447369794838779       0.64870802428631935       0.78503073379344668       0.33530500000000002       0.63636363636363635       0.59739722808448759       0.74224170222468322       0.38843357526427985       0.59220300000000003       0.88781080251444733       0.99041266019995944       0.24654761741805681     
  0.65435020852994008       0.69419990033674095       0.72471478805765388       0.57053364788238714       0.73878709602398729       0.80251875554945507       0.55468799999999996       0.81818181818181823       0.66145897990671609       0.84103734406045405       0.40923630256163407       0.71101300000000001       0.63660095826604568       0.96948275063858569       0.36107611331022738     
  0.65707099150659076       0.80044697461606995       0.74068934203829351       0.62602387954329075       0.64079254466473412       0.76955874594112317       0.56040800000000002       0.36363636363636365       0.91738122262223565       0.57598083124328192       0.30648337428030231       0.52888199999999996       0.79531410572957684       0.98177237968522613       0.36886883142789206     
  0.65834576395019639       0.42859354000875827       0.76399817893990385       0.63831416291088794       0.67393913469604727       0.48350927161124008       0.90429599999999999       0.63636363636363635       0.44294451735329066       0.79282230220513994       0.75478808641164929       0.70066600000000001       0.85228288867831359       0.97537343926441378       0.15281076768486654     
  0.65954823586714961       0.78722271718285197       0.71663108764400962       0.58890195366781928       0.65378290156731478       0.68716301135413138       0.35129800000000000        1.0000000000000000       0.54649786298260239       0.55378082147161334       0.54282448649583548       0.54785399999999995       0.75759739479760291       0.97396241150883356       0.38108204974688370     
  0.66189610033790980       0.73367259109372884       0.32595633117418099       0.70742960556244705       0.93577082485443985       0.53549720972328863       0.43305900000000003       0.63636363636363635       0.49928507457392662       0.69380069053125304       0.43765850019483671       0.53103100000000003       0.89395678460368100       0.98839374316879403       0.16323112624181096     
  0.66408033730098326       0.74402775470757887       0.68166111926845130       0.63392406573710625       0.52974118956452398       0.55843281245308440       0.49879499999999999       0.36363636363636365       0.38504442513345277       0.60292010032246501       0.66566851917839331       0.39403899999999997       0.74428443685186918       0.98059987801956927       0.48411441688560430     
  0.66677828853237542       0.59715280189662201       0.73854239518224629       0.66758313466859243       0.77843509389768850       0.71292106154908619       0.57154899999999997       0.63636363636363635       0.65265930090269031        1.0000000000000000       0.44442673201511185       0.28414600000000001       0.95952060005071604       0.98202700880231719       0.12928720918880282     
  0.66772580596060760       0.62955846156169304       0.50078908535669953       0.70434211932811130       0.59151183169015831       0.50309053708001072       0.59210799999999997       0.63636363636363635       0.61678334545196589       0.52991759226083845       0.61811481405074931       0.24971299999999999       0.87132141951499453       0.97088773975897802       0.24111825419598193     
  0.66787801759566501       0.65688280506772567       0.72870964710247610       0.50145797961065852       0.66534465144480337       0.62147891099853725       0.50831599999999999       0.81818181818181823       0.60243828364693985       0.50658366176997494       0.55247359285168018       0.52658700000000003       0.81702190131728214       0.98589072888339602       0.28194593816361035     
  0.67034384608359454       0.65728296815305853       0.56979774271545447       0.78480817562377414       0.69269790775517659       0.69906619025354844       0.63232699999999997        1.0000000000000000       0.70289251068508707       0.68970676850916912       0.42638505987843023       0.62674300000000005       0.79798337048060120       0.97777178387322095       0.24536983687271352     
  0.67092225029681274       0.57916433867387462       0.64448073545440454       0.58659255373891594       0.66940829090425835       0.77091420703381364       0.51076400000000000       0.63636363636363635       0.35368968024544661       0.45822204488453139       0.56967965508690543       0.35007400000000000       0.70866309874944944       0.96742558891789676       0.26951474171545320     
  0.67178605132576341       0.59404210017667569       0.50784752405398248       0.40142292843843297       0.71484962249889938       0.52623632206785020       0.56561799999999995       0.63636363636363635       0.61019051377090472       0.57387585094948046       0.75728658085515610       0.38466200000000000       0.91940155084282038       0.97721421655753515       0.15875652740864088     
  0.67428232214070438       0.76139332256164771       0.63113768654575908       0.58292833899703933       0.48318272049968014       0.68605204799018582       0.56171599999999999       0.27272727272727271       0.79598688527497474       0.49421232207419952       0.61112257209479692       0.56541100000000000       0.67824015374964963       0.97810692812615108       0.55672198982980914     
  0.67848336326828818       0.45757138758437405       0.50577136907835074       0.78101469414744862       0.37349560204988497       0.40647918981173675       0.48660900000000001       0.36363636363636365       0.65181247450653523       0.71771684961401905       0.33770413574805841       0.48234600000000000       0.86907923712413415       0.97457030078441875       0.27789171056654932     
  0.67973910925751169       0.52702610875375622       0.47309481351831983       0.80107838287315203       0.67743797602930300       0.43712333409113335       0.67924300000000004       0.27272727272727271       0.30378456027098444       0.35959129995765610       0.46744976442468988       0.70834500000000000       0.78983543982809934       0.98018824438759178       0.24317937144412502     
  0.68038981399738196       0.47131661205321412       0.55009807116536857       0.70187859367736516       0.62005905462760702       0.71541751204258552       0.43030099999999999        1.0000000000000000       0.70467261957543414       0.48342480700954366       0.50799455707465679       0.63542299999999996       0.76455082947402142       0.94744978371621635       0.22680175393731403     
  0.68136396846174918       0.49850882623861797       0.48798918104779310       0.48297035068573513       0.64730433482561855       0.72435240272636414       0.46962900000000002        1.0000000000000000       0.51998909323070919       0.78416419660597370       0.44039246575770646       0.43211899999999998       0.72230971478906147       0.98131243697174519       0.23209017659980458     
  0.68379554933179088       0.69934161847092402       0.71479293985253323       0.61633384625710663       0.47004078174705349       0.90370221034525655       0.79761899999999997       0.27272727272727271       0.54558231507262311       0.64728754763688479       0.64531068642957012       0.66657400000000000       0.78445019819290773       0.96807977439658943       0.37946662066286202     
  0.68508934822977863       0.45287890914032886       0.67231781160327742       0.57245276170920456       0.78353904167047350       0.62284724039274053       0.72773699999999997        1.0000000000000000       0.53887088335963962       0.84433528223836352       0.46306645911867117       0.47271299999999999       0.77659588666301860       0.97268725304498171       0.20622874574157962     
  0.68553456726232154       0.66117134530299138       0.53443719844794901       0.86187849424141560       0.71896517355083600       0.85307831219357355       0.75108900000000001       0.36363636363636365       0.37303811162147305       0.53869377218983094       0.45787984304703794       0.42413800000000001       0.94742215756669834       0.99873893168492012       0.17503979899228586     
  0.68803844865901553       0.70156894130438063       0.53214744728140873       0.75520857933372931       0.52239050806913789       0.73170020289022053       0.71279400000000004       0.81818181818181823       0.55960482912728104       0.63264836650271983       0.58925084759183888       0.47667199999999998       0.82404206761247623       0.98252318332692568       0.37347426630266939     
  0.69154692684708818       0.78734729625658750       0.50400401316728971       0.56720502947032958       0.69068581443059207       0.55475247822039964       0.47385400000000000       0.27272727272727271       0.62627578165179920       0.58640801602553660       0.56916286891343626       0.34891600000000000       0.70656772591989547       0.97597227058721703       0.32334553267357341     
  0.69492221985448566       0.61888618757833380       0.35851205231764072       0.91107194439541694       0.85527878601626284       0.61492036666080441       0.44151099999999999        1.0000000000000000       0.67813170588965543       0.83795112537050909       0.57178326654705558       0.80518999999999996       0.84364781720874993       0.97183983124027529       0.15671724161201450     
  0.70160431063350481       0.96048955800854685       0.60256828059948520       0.79758818104303331       0.52698156930820539       0.64891841925784211       0.45560600000000001        1.0000000000000000       0.40068189476297728       0.63989772320119864       0.68036775170924935       0.75969699999999996       0.68706207375178507       0.96793786646967295       0.61363348141993912     
  0.70310359523882004       0.64340183924014316       0.59723203747575682       0.77162048281125306       0.66741903868036578       0.42118937421449743       0.31226399999999999       0.27272727272727271       0.12821661021157360       0.48506156151265428       0.42727484897549223       0.47356399999999998       0.78034620363820795       0.98505538434906537       0.29826886189411345     
  0.70711437182258208       0.79516180179091844       0.81744360755422596       0.46515640031918942       0.56194714154007153       0.76747408109603621       0.41366100000000000       0.27272727272727271       0.57118107897210346       0.59794265659099055       0.76209290064994195       0.42711100000000002       0.82881337835493218       0.97056064701963174       0.41070267439033076     
  0.70822171146762458       0.61752336801413410       0.64030035286090736       0.64893889412308681       0.52333945197970044       0.67540138377135606       0.55489400000000000       0.36363636363636365       0.50147086207813862       0.82628619588938457       0.70752819922940502       0.45540700000000001       0.73924619963431082       0.96961660705191821       0.34355203279484059     
  0.70911976011446309       0.63742581882427563       0.49925119278215746       0.85784636648610757       0.70572148807694546       0.59221210392440304       0.63011499999999998       0.36363636363636365        2.5148416301629811E-003  0.66400524412885564       0.52812837968780268       0.36206899999999997       0.78894123613650624       0.97512182946491655       0.24183900778135858     
  0.71101479497092757       0.67473913896984428       0.58541223454570535       0.29865090275412726       0.41773258469895425       0.55944511883876447       0.87599300000000002       0.63636363636363635       0.16282232606806535       0.55952574834695934       0.60214445423837593       0.55706800000000001       0.90161757443912083       0.97242759173190074       0.44985114790041181     
  0.71408566470821033       0.80149268381076066       0.66505310001305984       0.70552292122932658       0.91085948985439824       0.62094273176883386       0.54270600000000002       0.36363636363636365       0.59687073261567380       0.81207045373114883       0.59579298546122128       0.16217500000000001       0.79182404206761248       0.99542573384514121       0.16368073459664562     
  0.71571432920332434       0.58421922896878731       0.73768068712063783       0.39182984520308550       0.71762585446481220       0.89910393727131965       0.55676899999999996       0.63636363636363635       0.93068326919325384       0.70316724210937753       0.64272258793179249       0.46224900000000002       0.72118195043175348       0.98905698660026853       0.19233564160545238     
  0.71619760114463149       0.63288812044153842       0.55057530608334149       0.85605154759626023       0.55226251484671540       0.76393100874615560       0.65418799999999999       0.81818181818181823       0.76531048823310333       0.61639482427282499       0.59463125847852316       0.56198400000000004       0.73967328199447469       0.97851554244053451       0.31068054795416633     
  0.72266659563457036       0.63592331969255389       0.81155323488379749       0.70101101501731422       0.88276701246708811       0.51345380923171946       0.39724900000000002        1.0000000000000000       0.76421870289251070       0.41365305690368392       0.53568220984435988       0.20579100000000000       0.80544396545971408       0.98808074057821937       0.13802272411646210     
  0.72834789491308716       0.62452244688401315       0.59830001843029990       0.77929445221978333       0.69455426630231654       0.51885849586713051       0.59498600000000001       0.81818181818181823       0.46848342703105322       0.58112724341226674       0.39439224487329361       0.66117300000000001       0.76038010330054584       0.98854470904849223       0.23032964612011481     
  0.72954275624828768       0.64005707986651161       0.49216224034331618       0.68872073164971703       0.78062368663671022       0.68959940977390399       0.54157100000000002       0.63636363636363635       0.59196933690389630       0.61368929350835477       0.47459620870659674       0.46352500000000002       0.77851108412187864       0.96967699340379754       0.15627626026433367     
  0.73056257420317205       0.76781858266765324       0.72760138800907592       0.72760764563016289       0.57204706097328006       0.70478400555910625       0.40127000000000002       0.63636363636363635       0.57319506269175524       0.61160467085762682       0.30054658473105239       0.26518799999999998       0.78266179080972142       0.98138892635079245       0.33229386608664746     
  0.73197433711832927       0.89509309454419150       0.39127282580437273       0.77573215932622208       0.71690324509746917       0.63893690671768233       0.64646499999999996       0.63636363636363635       0.61042882224626238       0.61872781016904987       0.50320282398638017       0.42305500000000001       0.77102379649525543       0.99063407682351690       0.27610790735070434     
  0.73418901640841427       0.65308125575706322       0.62786539290103904       0.48117553179588779       0.78012741181258671       0.71403631434686943       0.54852400000000001        1.0000000000000000       0.52689671378154546       0.40653195335656817       0.71897876383913784       0.45869599999999999       0.65355746259692771       0.97045497090384292       0.19453679375855956     
  0.73526971901732163       0.63319013031726135       0.64736977650515126       0.50431427726222999       0.80146722924989833       0.54481386001861620       0.42220500000000000       0.36363636363636365       0.36888711050419426       0.75759747239503594       0.64909385295349553       0.65945200000000004       0.78382959413829467       0.97636880763122458       0.20365069118654960     
  0.73667767664160244       0.79394998716458021       0.68612588993327250       0.59809480720612318       0.73752668255853548       0.60668036425872152       0.35862600000000000       0.36363636363636365       0.56799328745987543       0.58010528972997621       0.61670615496500236       0.48698799999999998       0.81889705980487670       0.96578710590357109       0.24337796856441760     
  0.73853846388017896       0.52220527611252887       0.70294384373058560       0.56606897374642340       0.84501067302341426       0.72687458982288922       0.66833699999999996       0.36363636363636365       0.63729228368240909       0.67015121657275001       0.43892233412309928       0.67166300000000001       0.96792211085456503       0.97807673495021141       0.13457157451859475     
  0.74356905841882548       0.44941334581640818       0.37570105321230363       0.74967248284108390       0.51448125783865040       0.67188404802450119       0.48409799999999997       0.36363636363636365       0.46286378065866246       0.65352105794599524       0.60732690267957790       0.32318500000000000       0.69521667756616434       0.97587363954581419       0.16922600867218637     
  0.74515967000517525       0.62822584298506556       0.65759187992720636       0.49523328916719905       0.70124463234133738       0.44359608975211368       0.40456599999999998       0.63636363636363635       0.34266320251121712       0.55667974984528190       0.53010904605023246       0.66244400000000003       0.77165107371174613       0.98603968188469837       0.13235160803764853     
  0.74773204663764492       0.84736043368618152       0.74895124270263869       0.69619334326035565       0.56064104587323604       0.69120794746301439       0.83849399999999996       0.27272727272727271       0.40182688385620796       0.66763094036024884       0.25754601584949849       0.45447399999999999       0.69780586437465797       0.97942636991471432       0.43640802473130585     
  0.74858823708484279       0.52564818869577035       0.65464181139334277       0.54347215420527051       0.58321012982051046       0.74119700940672839       0.51153999999999999        1.0000000000000000       0.53645565467217626       0.56837114426240187       0.52924426273575764       0.54961499999999996       0.92643506346176951       0.97173516156368456       0.20492405969568089     
  0.75598572254863161       0.90151835465019703       0.69519091227543406       0.63056064474269713       0.62647117453092682       0.45620702523473927       0.85946199999999995       0.63636363636363635       0.47207024668806641       0.73784445132080390       0.73025220415554426       0.50304599999999999       0.83421196631387884       0.97789255657697960       0.27491787717972627     
  0.75894623885049772       0.86292904277969895       0.63784582748995178       0.85988231755367672       0.86401862172645505       0.79874834320618027       0.54431200000000002       0.36363636363636365       0.31104354727153422       0.82389010129963192       0.45034476722742128       0.56149700000000002       0.77484751825109777       0.97742758166750865       0.17183000117553968     
  0.75977198697068404       0.57361490720746566       0.56551605449998343       0.73075727933298362       0.53109919682384110       0.59822160073091957       0.22789999999999999        1.0000000000000000       0.33322397006402188       0.66887682811634797        4.4592499515512959E-002  0.47554400000000002       0.85581966447342084       0.98514998963367628       0.43858004326907263     
  0.76336037626716191       0.69712562100780695       0.47930130855129299       0.67080983123233462       0.76445011088316150       0.63774873354465944       0.47322900000000001       0.63636363636363635       0.45636627236774435       0.68334907657731025       0.42848762943097257       0.47842499999999999        1.0000000000000000       0.97501313403153378       0.11902130873354577     
  0.77056379189625246       0.66023133956480384       0.92580400657632156       0.81305544299958488       0.74862330456738946       0.54028850731991884       0.18051900000000001        1.0000000000000000       0.25969416709525245       0.90024551317546664       0.70700620351789678       0.48959000000000003       0.90250510496883640       0.98266005905785214       0.15450713382850559     
  0.77403802246643738       0.82320719387523977       0.64277196592713559       0.80753177600063630       0.55825934201018301       0.66706272439100767       0.11395800000000000       0.81818181818181823       0.32150251831095822       0.57869043353636695       0.55393330541020946       0.73508799999999996       0.74852856780599775       0.99755233987049141       0.39517729599424561     
  0.77572376632469775       0.74599836914667106       0.88617153849064390       0.61912053874397488       0.79298902796581316       0.69189425687703476       0.15612400000000001       0.27272727272727271       0.65403151435614593       0.67316007621901564       0.50474484724592561       0.57570299999999996       0.88253900463117430       0.98465784086585983       0.16738352162453529     
  0.77850543395537164       0.59010842154538456       0.87058267820330204       0.35025567468534735       0.80253453159131871       0.48299453955072469       0.28305599999999997       0.36363636363636365       0.40324565059322182       0.50569403276766223       0.51840529789180412       0.58341399999999999       0.67619816621511597       0.98580618799076491       0.20851876072602346     
  0.78117674815062865       0.67047324947525788       0.41057703926386208       0.73782966124657878       0.72372442834954354       0.46930695617485446       0.54957599999999995        1.0000000000000000       0.59562376966322028       0.86259812383961432       0.53975711049846942       0.60440000000000005       0.80346203638207858       0.98940924031956456       0.17363115155873898     
  0.78356647082102948       0.52084623167177568       0.62971452563947639       0.50364059870385236       0.54865569740109799       0.56147402104396238       0.55389600000000005       0.36363636363636365       0.45920048060723218       0.81311276505651275       0.53494245544282115       0.11746300000000000       0.84068493333511285       0.98470816282575924       0.18785858974205377     
  0.78506956071722123       0.75864125756912260       0.67903449639510660       0.54113789528897327       0.66091763083797772       0.71859598251626766       0.32471200000000000       0.36363636363636365       0.88786644084629440       0.62316781212338357       0.66102473697042441       0.50500999999999996       0.81263096080184716       0.98878927377360359       0.22101081716465981     
  0.79110094675636999       0.48775727466288149       0.89442611585701504       0.76488369722747707       0.69571708597390303       0.39182348121871396       0.54324200000000000       0.72727272727272729       0.50723792718179717       0.45975090387935252       0.74650596283723947       0.46799499999999999       0.86534226647270018       0.98545393427146888       0.14654732760857833     
  0.79697631586958517       0.79273817253824197       0.76560442229553649       0.43519634871193158       0.86156424163392775       0.84458952262890818       0.37991399999999997        1.0000000000000000       0.50896594073101953       0.76619043353636695       0.64082110654755575       0.59448199999999995       0.91240140403325909       0.97874199126008199       0.13964738570244084     
  0.79847940576577670       0.54147350618365220       0.56227427459682189       0.73811802550034922       0.62892970755085253       0.71069055595351971       0.72455199999999997       0.36363636363636365       0.41749428059659138       0.90656452558548584        9.3103196780922257E-002  0.46616800000000003       0.93681183018137659       0.98403787431989875       0.20086239020522625     
  0.80433955371548593       0.62664784138441321       0.65956428818153967       0.62830842048479996       0.64665855461514821       0.51602746953429612       0.36368499999999998       0.45454545454545453       0.66498594534201139       0.59295299827367187       0.12574261964746014       0.52177700000000005       0.85870914356640460       0.97668583597859104       0.17763965653540167     
  0.80603290815549933       0.39202391918215723       0.81083921333133158       0.72353325759628506       0.72923121007998537       0.72190742543891628       0.23802499999999999        1.0000000000000000       0.61199168248000424       0.38177298785055858       0.49640125112265543       0.34025899999999998       0.83876306271437540       0.98721822218554312       0.14522680813233341     
  0.81087704344120071       0.58760173957688422       0.81371971053444203       0.65243903954816307       0.82708040898029012       0.62603000030026035       0.46481099999999997       0.63636363636363635       0.41659425044779830       0.52649140093156577       0.77154196074508896       0.47774400000000000       0.86085790169097920       0.98210853037735435        9.0755085399478685E-002
  0.81459100733660084       0.78538800718783508       0.59117567005125082       0.68173287029326146       0.76807769296577155       0.92545392933586701       0.59790800000000000        1.0000000000000000       0.38291849185095855       0.76501376176671765       0.48507258970303546       0.60062700000000002       0.85978352262869184       0.96848536939337881       0.17598816687198718     
  0.81562224116411464       0.63928317955997160       0.50124557093041278       0.65502686013587919       0.74058116066014934       0.65570430358896936       0.63852900000000001       0.81818181818181823       0.82134734069909732       0.56627023549721511       0.39458916541116801       0.47930699999999998       0.68405247774500511       0.97985511301305761       0.18478738295804858     
  0.81972053943803469       0.60764386995454744       0.64670823858816584       0.59229271954836193       0.64270081480435559       0.84021430011452791       0.32362900000000000       0.27272727272727271       0.77738330643588061       0.29298923487834272       0.37694654388827420       0.45035100000000000       0.71617040586170544       0.97771139752134162       0.19880399250852848     
  0.82902447563091719       0.67475801458707707       0.61135867926762133       0.71033562118880644       0.62859954982266997       0.82956363589569815       0.17538699999999999       0.36363636363636365       0.36236078351393053       0.69700294778671701       0.38129755005845101       0.44017699999999998       0.73809841579137037       0.97016310353642610       0.21300321308146164     
  0.83319126914061314       0.67635489180496200       0.54892268184054005       0.80238347971133739       0.61903328156017179       0.76187208050409427       0.50646899999999995       0.63636363636363635       0.58126097327398163       0.53336006970456984       0.68665983175275946       0.60987400000000003       0.84536949297316055       0.98558980356319725       0.16207973129693184     
  0.83667311029255076       0.73848587348806305       0.61185544298019168       0.59017224792365308       0.79987042866516611       0.51343236206253140       0.46220800000000001       0.63636363636363635       0.69088398035008070       0.44644107683788803       0.69901685598127894       0.43902400000000003       0.82568366543435612       0.98883657641590905       0.11986161907913088     
  0.84224786142652752       0.70292798574513393       0.59527915801602094       0.50051333808968623       0.63970863061371952       0.74286559916956563       0.59329299999999996       0.63636363636363635       0.64249627573731538       0.47628945311227644       0.45896551077436654       0.51772399999999996       0.83309087511844870       0.98110611693615746       0.16674467544301194     
  0.85703141648147574       0.85055041299850509       0.80219772172200032       0.59681705525407125       0.69036396255720656       0.47449717111838413       0.62558100000000005       0.81818181818181823       0.72479139695319839       0.44305356503045501       0.42426894552698646       0.43235800000000002       0.71161263629933147       0.98374500051328406       0.29799354288956453     
  0.86130856342658835       0.48473340078220556       0.60531329679007639       0.83058351501109950       0.74491681686420763       0.71961257833578551       0.42826300000000000       0.27272727272727271       0.38046114352599009       0.40016204683886519        1.0000000000000000       0.48793199999999998       0.72551950565216816       0.97975346265406071       0.12450119454550614     
  0.86481323632378460       0.73934660163387333       0.62539255928514847       0.60044646741359631       0.68067518293645191       0.68787076793734003       0.45804699999999998       0.27272727272727271       0.75348817103233023       0.67419628025145761       0.39070389194167821       0.59280800000000000       0.86950631948429813       0.97442839285750227       0.17696058117564784     
  0.87125178848671192       0.90481781254247018       0.60951442872783324       0.71288366739669229       0.49197239133865461       0.88919534510639930       0.43592500000000001       0.36363636363636365       0.81007147037437710       0.77865948991889511       0.48840356832517517       0.62199899999999997       0.82663125442096974       0.97528386617579266       0.34304931685307583     
  0.89133230844165734       0.48180768011113967       0.66264495552927305       0.64877979660376517       0.72239756804571542       0.57191879243858601       0.29927700000000002       0.63636363636363635       0.39706403958359193       0.45481824696263967       0.48217817036856436       0.65428900000000001       0.74146168937766099       0.97393121189369591       0.10898388423829491     
  0.91024079880666087       0.73299684399679865       0.57890182264681067       0.76026489736967051       0.72579881558510595       0.41951349241413627       0.61041800000000002        1.0000000000000000       0.63139775125472186       0.65662559851470637       0.32552319390525725       0.68543299999999996       0.72612009022114854       0.99223431514831906       0.16391669126381489     
  0.92090322384243051       0.63674629660389892       0.77284594344216972       0.51927938767342252       0.72695748232929391       0.33624571592795471       0.40352900000000003       0.36363636363636365       0.23573031017787788       0.84959162567994528       0.28880011836070424       0.62454699999999996       0.86799151173809186       0.96107998977457787       0.19990216601275382     
  0.92548098876678131       0.44620449088685199       0.85147741433877333       0.72702097352766426       0.88820111796805556       0.74528055042015007       0.39878999999999998       0.36363636363636365       0.68299652402149436       0.63446833979349204       0.66310125883277182       0.50729199999999997       0.88642945800579231       0.98865642379946905        8.8395642931848262E-002
   1.0000000000000000       0.59211678721894201       0.70725360458829034       0.64993573951758643       0.42372733539872259       0.86971273661589410       0.31532399999999999       0.63636363636363635       0.50806258534768656       0.55830836129116312       0.31867786092200490       0.40072900000000000       0.75506826644600744       0.97753728354008951       0.24794757574241877     
